["```py\nA = np.array([[2.1, 7.9, 8.4],\n              [3.0, 4.5, 2.3],\n              [12.2, 6.6, 8.9],\n              [1.8, 1., 8.2]]) \n```", "```py\nA.shape\n```", "```py\n(4, 3)\n```", "```py\nA = np.array([[2.1, 7.9, 8.4],\n              [3.0, 4.5, 2.3],\n              [12.2, 6.6, 8.9],\n              [1.8, 1.3, 8.2]]) \n```", "```py\nA[1, 2]\n```", "```py\n2.3\n```", "```py\nA[:, 0]\n```", "```py\narray([ 2.1,  3\\. , 12.2,  1.8])\n```", "```py\nA[1, :]\n```", "```py\narray([3\\. , 4.5, 2.3])\n```", "```py\nA[0]\n```", "```py\narray([2.1, 7.9, 8.4])\n```", "```py\nA[0, :]\n```", "```py\narray([2.1, 7.9, 8.4])\n```", "```py\nv = np.array([1, 2, 3])\nv.shape\n```", "```py\n(3,)\n```", "```py\nA = np.array([[2.1, 7.9, 8.4]])\nA.shape\n```", "```py\n(1, 3)\n```", "```py\nA = np.array([\n    [1, 2],\n    [5, 6],\n    [7, 8]\n])\nv = np.array([3, 4]).reshape(-1, 1)\nA @ v\n```", "```py\narray([[11],\n       [39],\n       [53]])\n```", "```py\nA = np.array([\n    [1, 2],\n    [5, 6],\n    [7, 8],\n])\nB = np.array([\n    [3, 9],\n    [4, 0]\n])\n\nA @ B\n```", "```py\narray([[11,  9],\n       [39, 45],\n       [53, 63]])\n```", "```py\nA = np.array([\n    [1, 4],\n    [2, 5],\n    [3, 6],\n])\n```", "```py\nB = np.array([\n    [1, 4, 7],\n    [2, 5, 2],\n])\n```", "```py\nA @ B\n```", "```py\narray([[ 9, 24, 15],\n       [12, 33, 24],\n       [15, 42, 33]])\n```", "```py\nx = np.random.normal(10, 2, 100)\ny = x * 1.5 + np.random.normal(25, 5, 100)\nz = x * 2 + np.random.normal(0, 1, 100)\n```", "```py\nnp.cov([x, y, z])\n```", "```py\narray([[ 4.0387007 ,  4.7760502 ,  8.03240398],\n       [ 4.7760502 , 32.90550824,  9.14610037],\n       [ 8.03240398,  9.14610037, 16.99386265]])\n```", "```py\nX = np.vstack([x, y, z]).T\nX.shape\n```", "```py\n(100, 3)\n```", "```py\nX = X - X.mean(axis=0)\n```", "```py\n(X.T @ X) / (X.shape[0] - 1)\n```", "```py\narray([[ 4.0387007 ,  4.7760502 ,  8.03240398],\n       [ 4.7760502 , 32.90550824,  9.14610037],\n       [ 8.03240398,  9.14610037, 16.99386265]])\n```", "```py\nA = np.array([\n    [1, 4],\n    [2, 5],\n    [3, 6],\n])\nB = np.array([\n    [1, 4, 7],\n    [2, 5, 2],\n])\n```", "```py\n(A @ B).T\n```", "```py\narray([[ 9, 12, 15],\n       [24, 33, 42],\n       [15, 24, 33]])\n```", "```py\nB.T @ A.T\n```", "```py\narray([[ 9, 12, 15],\n       [24, 33, 42],\n       [15, 24, 33]])\n```"]